%YAML:1.0
Vocabulary: !!opencv-matrix
   rows: 10
   cols: 32
   dt: f
   data: [ 8.53975906e+01, 1.44289154e+02, 1.23090355e+02,
       8.43132477e+01, 1.45233429e+02, 1.61853912e+02, 1.51432220e+02,
       1.21524094e+02, 1.49546677e+02, 1.11248489e+02, 1.22451805e+02,
       9.91596375e+01, 1.39801193e+02, 1.41621979e+02, 1.24245476e+02,
       1.14299698e+02, 1.22867462e+02, 8.43358383e+01, 1.21647583e+02,
       6.37168655e+01, 1.32287643e+02, 1.47412643e+02, 1.45219879e+02,
       1.01983429e+02, 8.78659592e+01, 1.15355415e+02, 6.44081268e+01,
       1.15689758e+02, 1.40423187e+02, 1.03030113e+02, 1.41814758e+02,
       1.62783127e+02, 4.51578941e+01, 1.52094421e+02, 8.64860687e+01,
       1.73349838e+02, 1.62972137e+02, 1.86557266e+02, 1.82448914e+02,
       1.64343643e+02, 1.01092873e+02, 6.09349823e+01, 1.15292564e+02,
       8.08250732e+01, 1.30422592e+02, 1.80094421e+02, 8.70278625e+01,
       1.14335907e+02, 1.93905563e+02, 7.75913315e+01, 1.08808044e+02,
       1.32411758e+02, 1.25470581e+02, 1.33461304e+02, 6.75758514e+01,
       2.24294113e+02, 7.69520111e+01, 7.07136230e+01, 1.49405563e+02,
       1.60061920e+02, 9.15030899e+01, 5.08173370e+01, 1.65165634e+02,
       1.84962845e+02, 1.66584839e+02, 1.59074554e+02, 1.78542419e+02,
       1.28174805e+02, 1.65025711e+02, 9.62789230e+01, 9.13598938e+01,
       1.74724930e+02, 1.42526993e+02, 2.03012848e+02, 1.70195374e+02,
       4.77981987e+01, 1.88983292e+02, 1.53586121e+02, 8.50347061e+01,
       7.68984604e+01, 1.24557838e+02, 1.90071976e+02, 1.33593826e+02,
       8.30925446e+01, 1.24507713e+02, 1.46948593e+02, 2.23014145e+02,
       5.11529579e+01, 2.20197937e+02, 2.19633682e+02, 9.14254532e+01,
       8.83598938e+01, 1.67502563e+02, 1.94906174e+02, 1.44992294e+02,
       9.27454987e+01, 1.10479225e+02, 1.49615723e+02, 6.88857574e+01,
       1.63369431e+02, 8.61632080e+01, 1.84820480e+02, 9.79139481e+01,
       1.30203262e+02, 1.54873886e+02, 6.25623131e+01, 1.64928787e+02,
       5.18887253e+01, 1.38738876e+02, 1.69551926e+02, 5.39020767e+01,
       9.27373886e+01, 1.67535614e+02, 1.38035614e+02, 1.39866470e+02,
       9.41750717e+01, 7.86543045e+01, 1.13093468e+02, 1.13416916e+02,
       1.16691391e+02, 1.96977737e+02, 1.94249252e+02, 7.79762573e+01,
       8.33130569e+01, 8.24317474e+01, 5.60593452e+01, 1.10203262e+02,
       1.11324928e+02, 1.54342056e+02, 1.77078400e+02, 1.63750595e+02,
       1.60197159e+02, 1.47756546e+02, 2.05877686e+02, 7.84916916e+01,
       1.67952499e+02, 1.83709030e+02, 1.31381241e+02, 1.59076019e+02,
       4.85510712e+01, 1.52883621e+02, 2.19100952e+02, 7.98396683e+01,
       9.89251862e+01, 1.55407364e+02, 1.70781479e+02, 2.08770798e+02,
       5.20665092e+01, 6.49798126e+01, 9.65819550e+01, 1.98830170e+02,
       1.30118774e+02, 2.02573639e+02, 2.05951309e+02, 8.33384857e+01,
       1.19700714e+02, 1.64730408e+02, 8.23432312e+01, 1.37388367e+02,
       8.96567764e+01, 1.21817413e+02, 1.36626404e+02, 1.77067413e+02,
       7.59143295e+01, 1.68591293e+02, 8.08103943e+01, 1.45969101e+02,
       1.56023880e+02, 1.07323036e+02, 1.92084274e+02, 1.42096909e+02,
       1.70703659e+02, 1.47714890e+02, 1.17411514e+02, 1.58064606e+02,
       1.05962082e+02, 8.93202286e+01, 1.66780899e+02, 1.37193817e+02,
       1.35563202e+02, 1.79257019e+02, 1.69793549e+02, 1.73196625e+02,
       8.93286514e+01, 1.14867981e+02, 1.17264046e+02, 1.12686798e+02,
       1.34089890e+02, 1.57674164e+02, 2.01293549e+02, 1.26641853e+02,
       1.52453659e+02, 7.00371933e+01, 1.51472458e+02, 1.13621216e+02,
       1.81275482e+02, 1.48399445e+02, 1.51976593e+02, 2.01148758e+02,
       1.85797516e+02, 9.60358124e+01, 9.48636398e+01, 1.62531677e+02,
       1.75438019e+02, 9.79972458e+01, 1.65410477e+02, 1.70479340e+02,
       1.20548210e+02, 1.37771347e+02, 1.62622589e+02, 8.30840225e+01,
       1.98472458e+02, 1.90035812e+02, 1.54232788e+02, 6.26460075e+01,
       2.20439392e+02, 1.04374657e+02, 1.00480721e+02, 1.66953171e+02,
       1.68993118e+02, 1.00559227e+02, 1.59995865e+02, 1.60176315e+02,
       2.00274109e+02, 1.33676971e+02, 1.03077225e+02, 1.20921494e+02,
       1.94138992e+02, 8.21415710e+01, 8.17992325e+01, 1.25546974e+02,
       1.22697556e+02, 1.03092667e+02, 1.37332047e+02, 1.81413132e+02,
       1.43622910e+02, 1.49759338e+02, 1.03598457e+02, 1.39110687e+02,
       1.27178894e+02, 1.36401550e+02, 1.76741318e+02, 1.06619049e+02,
       1.92918915e+02, 1.74871307e+02, 1.45961395e+02, 1.03316605e+02,
       1.56411835e+02, 1.97575287e+02, 1.99719437e+02, 1.82523819e+02,
       1.42184036e+02, 8.08970413e+01, 1.71162170e+02, 1.12687263e+02,
       1.01220078e+02, 1.33681580e+02, 8.86342697e+01, 1.40209717e+02,
       1.12523018e+02, 8.42838898e+01, 8.56739120e+01, 9.59552460e+01,
       7.17672653e+01, 1.19328644e+02, 1.88181580e+02, 1.44404099e+02,
       7.05626602e+01, 1.85671356e+02, 8.07698212e+01, 7.92570343e+01,
       9.39501266e+01, 1.06039642e+02, 1.48437332e+02, 1.26696930e+02,
       7.79731445e+01, 1.10863167e+02, 1.75630432e+02, 2.02561386e+02,
       4.01662407e+01, 1.89254471e+02, 2.09562653e+02, 8.01265945e+01,
       6.60268555e+01, 1.21485931e+02, 1.55409210e+02, 7.86739120e+01,
       9.04539642e+01, 1.32673996e+02, 1.65069260e+02, 1.96724670e+02,
       1.58858109e+02, 1.92604736e+02, 1.42130066e+02, 1.74027039e+02,
       1.96854736e+02, 1.53486496e+02, 1.84449326e+02, 1.85780411e+02,
       1.49251694e+02, 1.67542236e+02, 2.16839539e+02, 1.44329391e+02,
       1.34876694e+02, 1.90824326e+02, 1.93785477e+02, 1.98550674e+02,
       1.49726349e+02, 1.62535477e+02, 1.51831085e+02, 1.88135147e+02,
       2.09675674e+02, 1.41891891e+02, 1.32729736e+02, 1.76275345e+02,
       1.72896957e+02, 1.63616562e+02, 1.62420609e+02, 1.55521957e+02,
       1.69871628e+02 ]
